VERSION03.000.009 3.0.9e-311-gc2dbe8ce5-dirty     
*cf:    int                3    nx,ny,ns                        
         96         36         20
*cf:    char             120    label                           
 b2mn     B2.5 bjb99/7 SOLPS-ITER  2026-01-19  18:58 cloud   template, 5.2 switches                                      
*cf:    real              20    zamin                           
  0.00000000000000000E+000  1.00000000000000000E+000  0.00000000000000000E+000  1.00000000000000000E+000  2.00000000000000000E+000
  3.00000000000000000E+000  4.00000000000000000E+000  5.00000000000000000E+000  6.00000000000000000E+000  0.00000000000000000E+000
  1.00000000000000000E+000  2.00000000000000000E+000  3.00000000000000000E+000  4.00000000000000000E+000  5.00000000000000000E+000
  6.00000000000000000E+000  7.00000000000000000E+000  8.00000000000000000E+000  9.00000000000000000E+000  1.00000000000000000E+001
*cf:    real              20    zamax                           
  0.00000000000000000E+000  1.00000000000000000E+000  0.00000000000000000E+000  1.00000000000000000E+000  2.00000000000000000E+000
  3.00000000000000000E+000  4.00000000000000000E+000  5.00000000000000000E+000  6.00000000000000000E+000  0.00000000000000000E+000
  1.00000000000000000E+000  2.00000000000000000E+000  3.00000000000000000E+000  4.00000000000000000E+000  5.00000000000000000E+000
  6.00000000000000000E+000  7.00000000000000000E+000  8.00000000000000000E+000  9.00000000000000000E+000  1.00000000000000000E+001
*cf:    real              20    zn                              
  1.00000000000000000E+000  1.00000000000000000E+000  6.00000000000000000E+000  6.00000000000000000E+000  6.00000000000000000E+000
  6.00000000000000000E+000  6.00000000000000000E+000  6.00000000000000000E+000  6.00000000000000000E+000  1.00000000000000000E+001
  1.00000000000000000E+001  1.00000000000000000E+001  1.00000000000000000E+001  1.00000000000000000E+001  1.00000000000000000E+001
  1.00000000000000000E+001  1.00000000000000000E+001  1.00000000000000000E+001  1.00000000000000000E+001  1.00000000000000000E+001
*cf:    real              20    am                              
  2.00000000000000000E+000  2.00000000000000000E+000  1.20000000000000000E+001  1.20000000000000000E+001  1.20000000000000000E+001
  1.20000000000000000E+001  1.20000000000000000E+001  1.20000000000000000E+001  1.20000000000000000E+001  2.00000000000000000E+001
  2.00000000000000000E+001  2.00000000000000000E+001  2.00000000000000000E+001  2.00000000000000000E+001  2.00000000000000000E+001
  2.00000000000000000E+001  2.00000000000000000E+001  2.00000000000000000E+001  2.00000000000000000E+001  2.00000000000000000E+001
