  -3.3467681774000307E-002
  -3.1340703091428980E-002
  -2.7327306955179612E-002
  -2.3697500129622920E-002
  -2.0427929140826244E-002
  -1.7496208331683017E-002
  -1.4879203773408602E-002
  -1.2555106704518253E-002
  -1.0502428686583236E-002
  -8.6985497809330750E-003
  -7.1231262585330357E-003
  -5.7567787798834952E-003
  -4.5768530758213688E-003
  -3.5610108730530395E-003
  -2.6867618014924030E-003
  -1.9324414390713071E-003
  -1.2779074971852739E-003
  -7.0228106710053251E-004
  -1.8402764836413649E-004
   1.8402764836414343E-004
   5.1211923813982568E-004
   1.0242906359949899E-003
   1.7417297073627491E-003
   2.6858910888842014E-003
   3.8800037561238163E-003
   5.3467121410988305E-003
   7.1064519368515197E-003
   9.1810854224535499E-003
   1.1598327361473690E-002
   1.4381152113147125E-002
   1.7554089459208638E-002
   2.1143558387442057E-002
   2.5177953576938562E-002
   2.9686457809667138E-002
   3.4693726623667223E-002
   4.0230227019219883E-002
   4.6323275889948154E-002
   4.9543796196254333E-002
