  -5.5168803350530871E-002
  -5.1740265699471599E-002
  -4.5248764286358593E-002
  -3.9339993674458618E-002
  -3.3988643244462088E-002
  -2.9168478696497940E-002
  -2.4848137072664804E-002
  -2.0998339348494821E-002
  -1.7589071481479722E-002
  -1.4587789873999363E-002
  -1.1960102618481190E-002
  -9.6732310258942425E-003
  -7.6954010425775224E-003
  -5.9874999592006567E-003
  -4.5158513996740798E-003
  -3.2486414356932905E-003
  -2.1499455341098817E-003
  -1.1833684912351539E-003
  -3.1074973908372383E-004
   3.1074973908372383E-004
   8.6476282492323892E-004
   1.7297247759396409E-003
   2.9416011924139618E-003
   4.5363927967192186E-003
   6.5577637956237625E-003
   9.0474973786162163E-003
   1.2041003418635683E-002
   1.5585273273644361E-002
   1.9725916949222551E-002
   2.4504093228306593E-002
   2.9971754008088193E-002
   3.6184007403065481E-002
   4.3194707943365475E-002
   5.1063641094864533E-002
   5.9852593607753933E-002
   6.9631368826893886E-002
   8.0478003229683570E-002
   8.6234701932321689E-002
