  -3.8827040099657761E-002
  -3.6545413353249713E-002
  -3.2206097463996643E-002
  -2.8248485219845940E-002
  -2.4689520909606050E-002
  -2.1508435784727092E-002
  -1.8671247195848666E-002
  -1.6117682930056335E-002
  -1.3813677217422483E-002
  -1.1760897402505219E-002
  -9.9387188872761961E-003
  -8.3171564248788361E-003
  -6.8697140402483106E-003
  -5.5727711896136761E-003
  -4.4002506107697278E-003
  -3.3245285752367890E-003
  -2.3214798822106669E-003
  -1.3663540664635015E-003
  -4.3315907291657796E-004
   4.3315907291658490E-004
   1.5307392205510320E-003
   3.2500300493832207E-003
   5.6537417878786966E-003
   8.7977722032293801E-003
   1.2742393701062081E-002
   1.7566585551841221E-002
   2.3376726101442827E-002
   3.0203888769537904E-002
   3.8130226965981784E-002
   4.7232134264798331E-002
   5.7598948814666720E-002
   6.9337747849731332E-002
   8.4632628499735865E-002
  0.10680531918362106     
  0.13382301400322338     
  0.16733268308152827     
  0.21022080376832247     
  0.23471674612187082     
