   2.9609349298904855E-004
   2.9585218644079196E-002
   2.7165536963576386E-002
   2.4687657262472896E-002
   2.2058475325230552E-002
   1.9709795927233202E-002
   1.7575191047935663E-002
   1.5836140342926248E-002
   1.4309335467821928E-002
   1.2723388558446945E-002
   1.1300250129577319E-002
   1.0061008201111946E-002
   8.9943639277330536E-003
   8.0462242069377077E-003
   7.3370261678255017E-003
   6.7923080762976656E-003
   6.4109731805291172E-003
   6.1857005263838910E-003
   6.1305095828806623E-003
   5.1920644823984586E-003
   9.0441046627649183E-003
   1.3413644308389684E-002
   1.8051910213902924E-002
   2.3135252595475084E-002
   2.8490141861456760E-002
   3.4393248496383866E-002
   4.1341804835144533E-002
   4.7703132926320752E-002
   5.5223951388238483E-002
   6.2582513368539094E-002
   7.0982087453163992E-002
   7.9268241953380725E-002
   9.0234148712116866E-002
  0.10511284952467784     
  0.12002451442725398     
  0.13618520055791611     
  0.15381252091938349     
   1.3955655811982365E-003
