 -0.11369029193310966     
 -0.10322709784652583     
  -8.5131982472670786E-002
  -7.1264878178995988E-002
  -6.0089131165864201E-002
  -5.0824506203240999E-002
  -4.3023790825568911E-002
  -3.6387459150522022E-002
  -3.0702691620998354E-002
  -2.5794835804395747E-002
  -2.1560466279175405E-002
  -1.7879074594206790E-002
  -1.4653260099640145E-002
  -1.1802189433814433E-002
  -9.2573052150375368E-003
  -6.9632289623910576E-003
  -4.8251643490430096E-003
  -2.8147165824918274E-003
  -8.8649673666910123E-004
   8.8649673666908735E-004
   3.0822773051231434E-003
   6.4491153683751412E-003
   1.1058495686493419E-002
   1.6954936280021454E-002
   2.4158743332159394E-002
   3.2646574640058712E-002
   4.2369562341196765E-002
   5.3270216482855487E-002
   6.5281973896667039E-002
   7.8321400444060607E-002
   9.2302424029821750E-002
  0.10714839736843645     
  0.12277032802016949     
  0.13908979581793654     
  0.15603809599178173     
  0.17355311366913098     
  0.19156836872548957     
  0.20078028373213844     
