   7.0374012790365241E-004
   8.1297467127357650E-002
   7.3200156369928840E-002
   6.5499229395204708E-002
   5.9492038231145829E-002
   5.3158103511909943E-002
   4.6901462604489803E-002
   4.1469953844079685E-002
   3.6800649874689242E-002
   3.2678853060786842E-002
   2.8451441932523514E-002
   2.5523851097083675E-002
   2.2557932997137136E-002
   2.0397554060855246E-002
   1.8167320045060224E-002
   1.6979470442440560E-002
   1.6039961124034649E-002
   1.5159503544976331E-002
   1.5157884080487186E-002
   1.2842641181769428E-002
   2.1726428773196211E-002
   3.1865013131625368E-002
   4.2288582314417116E-002
   5.3830610813369671E-002
   6.5664373697947601E-002
   7.7773689897244716E-002
   8.9987094582447885E-002
  0.10178639142857404     
  0.11369318297695573     
  0.12498609049615794     
  0.13570065862586347     
  0.14593603088972146     
  0.15545365730664171     
  0.16468826078690421     
  0.17304158404337808     
  0.18131470378940809     
  0.18862355707111325     
   1.8988356852339102E-003
